0 1 0 CA957 1000 9 11
0 1 1 T103 250 20 9
0 2 1 T15 430 18 16
0 3 1 T87 300 22 9
0 4 1 T91 210 7 16
0 4 2 A2547 160 20 12
0 5 1 T539 22 13 14
0 5 2 A5215 18 10 12
0 5 2 A5217 18 15 17
0 6 1 T153 270 21 11
0 6 2 A7248 160 12 5
0 7 1 T7 410 20 17
0 7 2 A9201 160 6 3
0 9 2 A7451 123 11 16
0 8 0 CA859 1340 13 17
0 8 2 A7251 123 11 10
0 10 0 CA968 1190 8 12
0 11 2 A7314 123 19 18
1 0 2 A9468 1190 8 23
1 2 1 T118 300 14 6
1 2 2 A9123 1190 12 4
1 3 2 A9133 1190 12 11
1 4 2 A7123 123 22 10
1 5 1 T101 260 22 10
1 6 1 T42 290 16 8
1 6 2 A0914 1190 9 6
1 7 2 A7141 123 7 15
1 6 2 A9133 1190 12 8
1 8 2 A9090 1190 8 4
1 9 0 CA574 870 9 12
1 10 2 A9990 1190 10 8
1 11 2 A4123 123 8 22
2 0 1 T16 430 17 15
2 1 1 T117 300 18 10
2 1 2 A5141 180 13 5
2 3 2 A5143 180 12 10
2 4 2 A1253 180 7 23
2 5 1 T123 400 9 2
2 5 2 A1314 180 9 6
2 6 1 T54 400 16 13
2 7 1 T57 270 12 8
2 9 2 A1496 180 7 20
2 8 2 A1134 180 11 22
2 10 2 A1134 180 18 2
2 11 0 CA102 1020 9 14
3 0 1 T88 300 8 19
3 0 2 A8146 150 10 0
3 1 2 A8199 150 15 14
3 4 2 A1569 150 9 18
3 4 2 A1549 150 18 3
3 5 2 A8341 150 8 21
3 5 2 A8311 150 21 10
3 6 1 T83 390 21 7
3 9 2 A8441 150 21 20
4 0 2 A2548 160 7 23
4 3 2 A1570 150 10 19
4 5 2 A3698 150 20 11
5 0 1 T532 22 10 11
5 0 2 A5216 18 7 9
5 0 2 A5218 18 14 16
5 1 1 T102 260 12 22
5 2 1 T124 400 15 12
5 4 2 A3699 150 12 15
5 7 1 T25 340 14 11
6 0 1 T154 270 7 21
6 1 1 T41 290 20 12
6 3 1 T84 390 8 22
6 5 0 CA336 540 9 11
6 7 1 T111 230 23 11
7 0 1 T8 410 12 9
7 5 1 T26 340 12 9
7 6 1 T112 230 8 20
7 9 2 A3214 120 20 12
7 10 0 CA105 650 5 11
8 2 0 CA247 900 19 21
9 0 2 A1494 180 14 4
9 1 2 A1495 180 10 20
9 1 2 A1496 180 20 6
9 2 2 A1497 180 21 10
9 3 0 CA782 1320 7 10
9 5 2 A1490 180 19 9
9 6 2 A1491 180 0 16
9 7 2 A1319 180 18 9
9 7 2 A3213 120 22 14
9 8 2 A1492 180 14 2
9 10 2 A1498 180 17 10
10 1 0 CA989 1050 21 23
10 2 2 A9008 1050 10 17
10 8 2 A9009 1050 7 20
11 6 2 A0101 390 10 8
11 6 1 T100 390 18 10
11 7 1 T101 525 23 10
11 7 2 A0102 390 22 19